
Variable br
  Vertex 0.0 -0.0013999939 -9.994507E-4 -0.0013999939 9.994507E-4 -0.0013999939
  Vertex 45.0 1.0 44.999 1.0 45.001 1.0
  Vertex 132.0 0.0072419643 131.999 0.0072419643 132.001 0.0072419643
  Vertex 179.0 0.2554 178.999 0.2554 179.001 0.2554
  Vertex 252.0 0.0145744085 251.999 0.0145744085 252.001 0.0145744085
  Vertex 314.0 0.39985 313.999 0.39985 314.001 0.39985
  Vertex 432.0 0.029239297 431.999 0.029239297 432.001 0.029239297
  Vertex 634.0 0.8798027 633.999 0.8798027 634.001 0.8798027
  Vertex 677.0 0.029239297 676.999 0.029239297 677.001 0.029239297