pt -306.57803 4233.0967 298.33688	
pt -293.88776 4037.1223 300.1228	
pt -418.20947 3869.931 300.69394	
pt -609.5402 3825.6646 299.75034	
pt -622.2305 4021.6392 297.97986	
pt -497.90878 4188.83 297.38086	
pt -454.86472 1223.5597 320.91818	
pt -392.25333 1022.44086 322.8419	
pt -352.31595 899.1808 324.04547	
pt -339.13098 858.25653 324.4462	
pt -2648.4458 303.0302 308.9309	
pt -2652.9138 346.67795 308.6886	
pt -2664.9958 473.88394 307.99484	
pt -2686.333 685.259 306.85565	
pt -2713.0256 971.39923 305.34454	
pt -2742.6033 1329.9886 303.45847	
pt -2766.1677 1747.4713 301.2496	
pt -2783.6846 2221.8406 298.72247	
pt -2786.9607 2720.1262 296.0431	
pt -2729.8982 3288.5063 293.08185	
pt -2346.4922 3537.6255 293.05447	
pt -1805.2899 3342.3247 296.71713	
pt -1401.0057 3018.7295 301.2092	
pt -1067.1458 2625.0437 306.22214	
pt -827.58734 2222.992 310.88675	
pt -659.29944 1837.3827 314.96072	
pt -542.0939 1499.2599 318.2822	
pt -2250.3125 341.6307 310.9775	
pt -2253.7078 376.54477 310.76767	
pt -2263.903 480.41803 310.1535	
pt -2280.7397 650.68396 309.17392	
pt -2303.3528 883.19476 307.88083	
pt -2329.1343 1172.411 306.32468	
pt -2353.4172 1511.5109 304.53415	
pt -2372.392 1892.243 302.5079	
pt -2384.4126 2305.1245 300.2606	
pt -2388.4402 2739.838 297.79492	
pt -2179.6714 3058.8904 296.8413	
pt -1796.7451 2840.7532 300.1694	
pt -1495.6112 2528.0603 303.97595	
pt -1262.2483 2187.7593 307.7466	
pt -1093.8794 1846.0088 311.17093	
pt -973.0706 1528.2963 314.11942	
pt -883.18304 1252.203 316.58984	
pt -813.4721 1029.2396 318.59763	
pt -762.04016 866.05676 320.10397	
pt -730.0434 766.70984 321.046	
pt -719.1355 733.3703 321.36743	
pt -1931.4573 2348.5447 302.44565	
pt -1787.669 1904.5614 305.82245	
pt -1675.8588 1451.3767 309.00528	
pt -1579.6979 994.56506 312.1446	
pt -1484.724 537.5005 315.51038	
pt -542.0073 1499.2599 618.4621	
pt -659.2536 1837.3827 614.9257	
pt -827.59344 2222.9307 610.9159	
pt -1067.1997 2625.0437 606.2558	
pt -1401.0277 3018.7295 601.253	
pt -1805.2899 3342.327 596.7323	
pt -2346.489 3537.6255 593.0676	
pt -392.24945 1022.4459 622.96875	
pt -339.11496 858.2285 624.61035	
pt 0.0 0.0 0.0	
pt -609.9639 3826.1243 1429.1101	
